1258109634180796417
1257955511699456003
1258054809602719745
1258208001594359814
1257916265705988098
1257968357661388801
1257945884790337537
1258097046944268293
1257982054454575111
1258009248551833601
1258160030693588992
1257917232425951232
1258097089042509824
1258229956288675841
1258100930781872129
1258133163718647810
1258209327002931203
1258177883048206336
1257957224363819009
1257990871057924096
1257957802393448453
1258106261591199745
1258070677074124805
1258187598989791232
1258064226394013697
1258045130453417991
1258108385125433344
1258238242593390592
1257992291941150720
1258092103151714306
1257934741111738373
1257980524607557633
1258196338891796481
1258241774675361794
1257920348445650944
1258028881543651328
1257917296044998656
1257972150134124544
1257967971965829121
1258135316428447749
1258140662878408706
1258088356052942849
1257897062277906432
1258114932551421953
1258197417264119809
1257981804788801537
1258218715046387715
1258199231443025920
1258082442151260161
1257918790811045888
1258236039715368961
1258187146453610496
1257945531277598720
1257899933006512129
1257932436073336832
1258063929550557188
1258035797866971136
1258215725195460613
1258229415470825473
1258097278276923392
1258001131709612032
1258143680512380929
1258108724918419456
1257913949971939333
1257992195203911683
1258215795366277122
1258126184556179456
1258177078429495296
1258079234171580420
1257973932482797574
1258199906713571329
1258230643227602944
1258089317303488514
1258037982365388800
1258238409203580928
1257905310645321729
1258073233032691712
1257954926837280770
1258231245651116032
1258061784994414592
1258002008398798848
1258116487622975493
1258105507358879744
1258227794930253825
1258029289309564928
1257927352480419842
1258098253658234885
1258150516376260610
1258055082219909121
1258208497499377664
1258133418975670279
1258134754093862913
1258152143401504770
1257960165640269825
1257957996572872704
1258159538542219264
1258143871864840193
1257927714826342401
1258003208284372993
1258124800238780421
1257960766797422592
1258123970060025856
1258065145500258304
1258081569190883328
1257982515081547776
1258228340395139072
1258151460405047297
1258176907704709123
1258045184614391810
1258019888825802752
1258162142160748545
1257974583115649026
1257973658191986689
1258107771427356672
1258056567712354304
1258149706687041536
1258237908135415809
1257948042902138881
1258090869334241285
1258151632107376643
1257906736389857280
1258210219613659137
1258230810865475586
1257985098466631680
1258242057157500930
1258090219334766599
1258056533117730816
1258018809434136577
1258089580202360833
1258029985035620353
1258160929314873347
1257945971432001538
1258228210162110464
1258219066885431296
1258242066737442816
1258236323338620928
1258169600828678149
1258217021650563073
1258179388580995076
1257971093547057158
1258082026101538816
1258108405471776768
1258098112008052736
1257941647465132032
1258083506632167424
1257919649959854080
1258108786679611392
1257961529695240192
1257957715885858816
1258218461123219456
1257972447988629504
1258237603637149696
1258071152305545218
1258054813218045952
1258141290421723142
1257969050308640768
1258064154033901569
1257905855321698306
1257930356629680129
1258099955081805825
1258152051361472514
1258220429879029760
1258002477712134144
1258083463053242370
1258168363358060553
1258126851756691456
1258188319701204992
1257896778415759360
1257896777526546434
1258159669937397765
1257985820109295616
1258217241222488071
1258046484978610176
1257961996856811520
1258115271182684162
1258001652969140224
1257915922188136450
1258064875986837504
1257970375264067584
1258073391464099841
1257927436425142272
1258045746110234627
1258091619183742976
1258208049858334721
1258153190840729600
1257980617481875456
1258090739659149313
1258125614004879361
1257913559951929344
1258240806567194625
1258141208712544256
1258011291228286977
1258160574359273472
1257899048696115200
1258215900857069568
1257914345977188352
1258237123305467904
1258140349417041920
1257899776722567168
1257919382212182016
1258065892954583040
1258132908402855937
1258064044042457088
1257958434282115072
1258026914477981698
1257943450902597638
1257947177814499328
1257929743690686464
1258171420678459392
1258143763245006849
1258133104126033923
1258237109925670914
1257968386513960960
1257921117546741760
1258062987304239104
1258207758219767808
1258179645247303680
1258045461870505985
1258071348900884481
1258144083522080770
1257902125599858689
1257984150000349185
1258229187539685380
1258004171678244870
1257967681631748098
1258132124579835904
1258081205368623105
1258081771603685377
1258220044531781632
1258055595925610496
1258107050858631168
1258149572028792833
1258027946729713665
1257930804543590406
1257898743497666561
1257958958683152384
1258220631604281345
1258215531552874498
1258197932135899136
1258053276819312640
1258070693314527234
1257943156206628864
1258237994835869701
1258205547930759168
1258220682799972352
1258217313641218048
1258151760901705728
1258020235627675653
1258047637573513217
1258144283149787136
1258188278286749697
1258228649649672194
1257899828366860288
1258188538996158464
1258143104055627776
1257991051282956288
1258125852715429889
1258197276826185732
1258178279254757377
1257985721639501825
1258188199689510912
1258132489555464193
1258038218970132481
1258072267466117127
1258159179212230657
1258178622059245568
1258080886899302404
1258026981104529408
1258020521880326145
1258126280245022723
1258082787124547593
1258116075473887233
1257941069561344001
1258133684923904003
1258030767634030593
1258012510998925312
1258088906261762048
1257995377497780224
1258236572723339264
1258241565786603521
1258237623002435594
1258107825382805505
1258226623989465093
1257992421100662785
1258003687680602114
1258091074003906565
1257901326110846976
1258000347739705345
1258239917001326592
1258178549330202626
1258039983203586050
1258061852225015808
1258018749753503745
1258177561118437377
1258073562767921152
1257917662597873665
1258011943861923842
1258150642373341184
1257942761971515393
1258100837487906817
1258088841547640832
1257981196744765440
1258198133181472769
1258190711075344384
1258186797676482566
1257974597393068034
1258117076016926720
1257913325586976778
1258044052144107520
1258227636758855681
1258118098089115649
1258231119956324352
1258022343168929794
1257905492484952065
1258099715331276802
1258072296180322304
1257915195898413056
1257959921066414080
1258020950508859398
1257900398817484800
1258072765145415681
1258012534226907140
1258220329635393537
1257945159347712001
1258097109829586944
1257900561212624903
1258079779829448707
1258045083057676288
1258215984156102658
1258239952451756032
1257972005233741824
1258218383331463169
1257959515556851713
1258072183118508032
1257915504133578753
1258134302698737665
1258160479861714946
1258081087068073984
1258096941671632898
1258053367919714309
1257969996187254785
1258044845836419072
1258088859348267008
1257927824675147778
1258108372282466304
1258225518547136512
1257916581633331200
1257943310921916422
1258009638714384384
1258012864201150466
1258208781374074881
1258097785620094978
1258132892124942338
1258229774532710401
1258178856340553731
1258000464009785344
1257992744280174592
1258181006781267970
1258044105466114050
1258162401930645506
1257957185528750081
1257940797044842496
1258055573683277831
1258047923918602247
1257982937297039360
1258020854199390208
1257917782257213441
1257933574218682370
1258225920755724288
1258079527906967552
1258231231742967808
1257943108014178304
1257928845795221506
1257927900973555712
1257970120833581059
1258022056270139393
1258063489110769665
1258159466882760711
1258003837807480835
1258209971033923585
1258133334938566657
1257933961499574272
1258009986782973953
1258210194124767232
1258220184365666307
1258220455174995970
1258167629128204288
1258140890691969025
1258170686826098688
1258216999219531776
1258126577793142793
1258064372733112320
1258206369066426368
1258109708927369221
1258038303108014080
1257995506762031104
1258056367400763392
1258229629321707520
1258241773723439104
1257956184750948352
1258180237323456512
1257945190943215616
1257970472601485312
1257992522317680641
1258207931058860032
1257920802046963712
1257942492869206016
1258187459478732800
1258159114544459786
1258097051419783168
1258219956027699200
1258125185905016832
1257994411813806081
1258064678757871616
1258010917641560065
1258063001191620609
1257971023204548608
1258220162836246533
1257930728396009473
1258071982895054849
1258044260651356165
1258187023887802368
1258230258567909380
1258124117670330368
1257958159987232770
1258240318127910913
1257902995942981632
1258185893996871686
1258241190941593600
1258100649390149635
1257945525174837249
1257983044377620480
1258114896807571463
1258089659739111424
1258199699632381955
1258047524826419200
1258123306332545026
1258239311159480321
1258004255270567939
1258169527470342151
1258227750348959745
1257916735753203713
1258107045502308354
1258017921995083778
1258038971344576513
1258000242315792384
1257945927920336896
1258071826086887424
1257968279534043136
1258158130350960655
1258123224359018496
1258012943981129731
1258132847371546624
1258001504021209088
1258190065446072320
1258090558339383298
1258206633559306240
1258187063301562368
1257913646556028935
1258238939716083720
1258134687224119298
1257993477796909056
1258056518378938368
1258187414515912704
1258083095485517827
1258029240873889793
1258209261781487618
1257980555829936128
1258037609751891969
1257905145649774593
1258141338739990528
1258186856224653315
1258081351904960514
1258019305897299968
1258009762576379904
1258029796459765761
1258099442441478144
1258045317187899392
1258168965836259328
1258209231729160192
1258096837384421377
1257957230474924032
1257991408436338688
1257919278436757504
1257940816938573830
1258143930165497856
1258195909822816257
1258054613372219395
1258196611701891073
1258219000397303809
1257905407277838336
1258091001836646400
1258167095948447744
1258108661668462598
1258123740342218752
1258089007151366145
1257941960469463040
1258177854833074178
1258205974772486145
1258169991939215360
1257929532725702657
1258080060117925888
1257915435523010560
1257930642354065408
1258133618980876289
1257929945499623424
1258109285755760647
1257969732034199553
1258133664036249601
1258229718559666184
1258206360224833539
1258123774391705604
1258088135008964619
1258178118277185536
1258088742826455040
1257971154956017664
1257918077305368576
1257974623485988864
1258100311077486592
1257947304406839297
1258205551735066629
1258196192896270336
1258217583288999936
1257981032902656000
1258132914094645248
1258179926177521665
1257933170592399360
1257896452543483904
1258022115434991616
1257916925662937089
1258228636508925957
1258229673118613509
1258125433368915968
1258018631327395840
1258056379102724096
1258167349603074048
1258229483535908864
1258133480032153600
1258178812820537345
1257901428582092806
1258188132962484229
1257927391344803840
1258081955847049217
1258169726234234887
1257931378173378562
1258017977120649216
1258109516752793601
1258081423019442177
1258022027526459393
1257943741605781506
1257993695724359680
1258065389478690816
1258167173857632262
1258088926020960256
1258135777512472577
1257945502659891201
1258207171331993608
1258071797238509576
1258236861664956417
1258062540858408961
1257899164949573632
1258218825515970560
1258185964637339648
1258027602855501826
1257982407841665031
1258079195248365568
1258177751372238849
1257930154413711360
1258220562712653824
1258026973281968131
1258227361323114496
1257958363297648641
1257981147340029953
1257993632273117186
1257942605679263750
1257906045483180033
1258158232503230464
1257904832301740034
1258116106742640640
1258216965757263872
1257920230384259073
1258114936569544704
1258046530688126977
1258187539858567168
1257967730986225664
1258035777105248256
1258082841327554561
1258171450814496769
1258207015316402176
1258142815000895488
1257918771416662017
1258035760659398656
1258150280610353153
1258170036986003456
1258135715134820357
1258083126271672328
1258107038195908608
1257946143058792448
1257958850164133890
1258055700984496128
1258123953509466118
1258179803464826880
1258200886368755714
1258180805731463170
1258205922054176768
1257895541465284608
1258115545334833152
1257905753446387713
1257995177194598400
1258053204429897729
1258229181789483009
1258197246060883969
1258132408404148226
1258150380799537153
1258133614308364289
1257912620084088833
1258125766442676224
1257974460155559937
1258125568576335875
1257982122339512320
1257982093688287237
1258028998342463488
1257995520729104385
1257896557430673410
1258219331244171271
1257927456931155969
1258178370539528193
1257994945400639488
1258208224634798080
1258116936015241216
1257990989664464896
1258141561491202050
1258045057317212160
1258117205834620928
1257958366548160513
1258028251139751938
1258199431163162628
1257993987903893504
1258132563530407937
1258080371209646080
1258037755004817409
1258036872720330752
1257968091209691137
1258199538243903489
1257941361895989248
1258149396044267521
1258131899333009410
1258082517044903936
1257903446121836549
1258046241411420160
1258190509413203968
1258161974166401026
1257928091537747968
1258039508467154944
1257905121767444480
1258159780964831236
1258236302786465793
1257902556044386305
1258080533235392512
1258038667349647360
1258061547290505220
1258239531838509057
1257974656893685760
1258053740533354498
1258158550083407875
1258021200657350656
1258162507203690497
1258106022478176256
1258197840918126595
1258196950823944192
1257968363290189825
1257968500171251712
1258188999035949056
1257917271164452864
1258053002402902022
1258019889262071813
1258151321779093506
1257902716103217153
1258028126380216322
1257919540022988800
1258127368637394944
1258080394378792960
1258150418774974465
1258098666457436166
1258132144884416512
1258206935326785536
1258020654856548355
1258027895278252033
1258240065341288448
1257914682322620417
1258228410561843201
1258190013763915779
1257960281189335040
1258228580888141824
1258080494794821632
1258052691013570560
1257916360501460992
1258125323734048768
1258168140971806720
1257931573300736002
1257961540793188352
1258207603278086146
1257916011745067009
1258207428597870592
1258099949780168704
1258160703560716295
1258161792011972611
1258127273552752641
1257896858053206017
1258089173405380614
1258020223967539200
1257905709737525250
1258158324257894402
1258207881196953606
1258216128100184064
1258177074025639936
1258123302570254337
1258045355133894656
1258079061307506689
1258018076718542850
1257933129425154049
1258083160308449280
1258205647922921479
1258227631436238848
1258099572380860417
1258227175054065666
1258099302439817217
1258159823088050177
1257972891120881664
1258091258926505987
1258177939960545280
1257973003331276800
1258228438676144130
1258123068096032769
1258225313231917060
1257980832658206720
1258240703643041792
1258206221171032071
1258160415051329540
1258045934761660422
1258029354329800705
1258083437564444679
1257901307479724032
1257931956488110080
1258150537481949184
1258115078659940354
1257995120135360512
1257992081483710464
1258178287508926464
1258151933262483456
1258200351922180099
1258097278532767744
1258238662069891073
1258143735415803907
1258170527946063878
1258226439318433792
1258070606710366208
1258043897512628227
1258062616590716930
1258011657357471745
1258153425889419265
1258208593796612096
1258209378139803648
1258187319183585280
1258090113982234626
1258045721036677120
1258140365812457473
1258143198049964034
1258188987065401346
1258045180076163072
1258126877819994113
1258209815870013445
1257991136146345984
1257957702573207554
1257906604214751233
1257906823073538048
1258038498780725248
1258039640734523392
1257995632654065664
1257943793573167104
1258217466901204992
1257897035287556097
1257946068437725185
1258047408161857539
1258215367559823362
1258080327400112130
1258063639979995136
1257961557159563265
1257943168026378240
1258092177290395649
1258079204412928001
1257984395811549185
1257981553646415872
1257918479820300288
1258187729533353985
1258001070380535811
1258037110738690056
1257993756957171712
1258239458425679872
1258026980743819264
1258177232327098368
1258029887966887936
1258177003720790018
1258125523307413504
1257985673774202880
1257955026619727873
1257903996678922245
1258200737353469960
1258106961108877312
1258240208220360704
1258047940083531776
1258072124683464705
1258118483621142529
1258091438925111297
1258044350224883712
1258092207539539971
1258216755857698819
1258091499373449218
1258080362825232385
1258228898745253888
1257958421724368896
1257954336459669505
1257991186243112960
1257900706838839296
1257973420752539648
1258080298769793027
1258036255117447169
1258161520623656960
1257994358529425408
1258239594526412800
1258071583786180608
1258189437915316225
1257985529813090305
1258149559156514819
1258106405049024513
1258241403152449537
1257946040872902656
1257928932139175937
1257913366200418304
1258220434614620164
1257929701961740294
1258116033728188423
1258020719566311426
1258107754394390531
1257942136206622720
1258188625663188992
1257959029047001088
1257919787273007104
1258030097703079937
1258044542835556353
1258011843379040257
1257993663088640001
1258089681805344769
1258020935866748929
1258028014048346112
1258189423214309376
1257898865874870272
1257960955046232064
1258170129210241025
1258133818827067402
1258178191543369729
1257929057376731137
1258158704958083084
1257960783385964545
1258170817764110336
1258082425357426690
1258030811280027648
1258123327337574403
1258218370719084544
1258199261725982721
1258238227627954176
1258021733900173320
1257928823062048770
1258091647889367043
1258001975238627331
1258010430326419456
1258179876231606272
1258044031411478528
1258063631150919683
1258106166648995842
1257972869700730881
1258037753666822146
1258179715560615936
1258170358747680768
1258109466605686789
1258124590242381824
1258028575967584256
1257960597427191808
1258228348867796992
1258020170615980032
1258170286882594819
1257992594015096834
1257972827849965568
1257992230729584646
1258205785919643649
1257969275949600768
1258143012921565184
1258010723348815883
1258143667723948032
1257945047909064704
1258177085056532480
1258002592677969921
1258134183513333760
1258054754481119232
1258162289716404224
1258107961924296705
1257995415108177920
1258107541193662465
1258167571548786689
1258026774421811200
1257898982984028160
1257913103758626817
1258197815152586755
1258151974450548739
1258150394397679616
1258116390998900743
1257994950307872768
1258053773974360064
1258187821174738945
1258196664805920769
1258237602315960321
1257985779780878336
1258027735647215616
1258088578426515462
1257941606457638913
1258126755581308928
1258053003921276928
1257993985441873920
1257900365040758784
1258198315105042432
1258038265686392839
1258236142228508675
1258237629067407367
1258198038746664960
1258152372901011457
1257915941599371265
1257942120247128065
1258091233089589248
1258001190001967104
1258217890647429120
1258045577520087046
1258140858114641920
1257905470401961986
1258108635697340417
1258209036442484736
1258072104332918789
1257970616809947136
1257993275140685824
1258210785525854208
1257915577139683328
1257960059050459136
1258009600667914247
1258117616528502785
1258091850499571714
1257958033482637313
1258208025657118725
1257942272965918720
1258188568163307522
1258061765222506498
1258100707988664325
1258135543264747520
1258151932553621504
1257901867608219650
1257956090982981633
1258009686965616640
1257970471603224577
1258237956705234945
1257961878929707008
1258002440978403328
1258219694479327233
1258210696384270336
1257915247995899904
1258160286009196545
1257995572373590016
1258114470318010368
1258218982475259910
1258088671976153090
1258143642461577218
1258055154068328448
1258038542095310848
1258004270881869824
1257958363935186946
1258030113935032321
1258171583895605250
1257932278191329286
1257935215210778624
1257931628195659776
1257904164178464768
1258061365509419009
1258239591535927297
1258081304601661440
1258220282164187136
1258091296352342021
1258054961642049536
1258100715928633348
1258227323855347712
1258047481683812352
1258088461816549376
1258080952477237248
1258218654547750913
1258063292607627268
1258021355217457152
1257968112361771008
1258218656330166272
1258123021153419266
1258218422841806850
1257915332225716224
1258230388641628160
1257990726522146816
1258169428996263936
1257942613249781760
1258200265007730689
1257970444059045889
1257917321818955777
1258096961745534983
1257912626689929217
1258099772205920256
1258030860583960578
1257946411934646274
1258038518980530176
1258177578877227016
1257919688685871104
1258207295047192576
1258142270613667840
1258099957615267847
1258074438484058113
1258012501767344128
1257916884797853703
1257943070441701378
1257906760989519873
1258054314800668672
1257990800534917120
1258236788096864260
1258225957548294146
1257931598160211968
1257914185838551040
1258227584292159488
1257942326330052608
1258208369778851840
1258027275058110464
1258064546192928768
1258168560234496003
1257896480591003648
1257959582866931712
1257897064408612864
1258144399801954305
1258035792959672321
1258000453817810944
1258108808095838215
1257897073082396672
1258168673430196224
1258159709481242627
1258242129492467712
1258115546954031105
1258044165453045761
1258241559226650626
1258151640814596096
1258098523674824704
1258135597207576576
1258100738275803139
1258206581641973760
1258152493202182146
1257929701181607936
1258141526636531712
1258231209076940805
1258097646046150657
1258189139838631938
1258199563812380672
1258219329008676865
1257920746824720385
1258055190747451393
1258217212877238272
1258114522163920896
1258073651771031554
1258056610263568389
1258019023125692417
1258228997869187074
1257992750106062848
1258227771630747650
1257905375782883330
1257931000958631936
1258048028939816960
1258020372395393024
1257960679006486529
1257921642438684677
1258044294335733762
1258053894669729792
1258187060369936384
1258178144651153409
1257958430880477184
1258215963121647617
1257917140293742593
1258227173258924033
1258109742213447682
1258217889951150080
1258038212934668288
1257985879194456064
1258143328488394752
1258218038819684352
1258227080849809408
1258053946016436235
1258026725964943362
1258114081539702784
1257982245907955712
1258178236242067465
1257941394808807424
1257972663450054656
1258079821323743234
1257973983338795008
1257898179262988294
1258124396788621313
1258044986169450504
1257971913009364994
1257984691635982336
1257955897533444096
1258217622379925506
1258177470009708546
1258152079912243202
1258114685041328133
1258236720992202752
1258231193427943424
1258047117974593539
1258229187762163714
1257947757710639111
1257932546047750146
1258142053021683712
1257920957726945290
1258115346181099523
1258215447553470464
1258200697427894272
1258180193518268416
1257968275042033665
1258150449841975298
1258167109785395200
1258125715674972160
1258218211008368641
1258186459158282242
1258179507720204288
1257896734480572417
1257991069981126656
1258116534175555585
1258037017927188481
1258218630485028864
1257960757574144000
1258210625332928512
1258115561780846592
1258126733745762305
1258149619407732737
1258013403739828224
1258125433742204928
1258226563553931264
1258109734822932481
1257896165418418176
1258225442747645952
1258000321919377409
1258160141020680192
1258152530032369666
1258117893981532160
1258047609740029952
1258011976996798465
1257934134678183938
1258236656622145537
1258143051517698049
1258090483219382276
1258026918626185216
1257955002783539206
1257992762172903425
1258236015967375362
1258142279388270594
1258039088919089152
1258198782363262976
1258125211989393420
1258036939158097920
1257960087735488512
1258169352924418050
1258228870525751296
1258124471094906880
1258107547510353926
1257983055345733632
1258047026979274754
1258123051801079808
1258088001042776069
1257898992408485888
1257972506411053056
1257958287607201807
1258062083360534533
1257927586442891264
1258062934032494592
1257941564891906048
1257981521404682242
1258152542611083264
1257932499998715904
1257968153616805889
1258227503144906752
1258133227589570565
1257913334394957824
1258209966294306818
1258002009657085953
1257905541617037312
1257956390787833856
1258229146536144896
1258230933754281984
1258126234048921600
1257956829231042560
1258177610930061312
1257984253154844672
1258098838507712512
1258088977845944320
1258217311959486465
1258141212281917440
1257972911635382274
1258176537464995840
1258079614712320002
1257927592059056129
1258080814425915395
1258021559589109761
1258000803991826432
1257943939929251841
1257984607175270409
1257973656170508291
1257932017506942977
1258150804860461056
1258237324766244864
1257983089999065088
1258198315654619137
1257971127680450561
1258141259669164035
1257985085195931650
1258088370368020481
1257960723348586496
1258198775354572800
1257916721601474560
1258117478040961029
1258081283722416131
1258188123818917888
1258237080641122304
1258123706150371330
1257984800591245312
1258070870892961792
1257947100261879810
1258141787811651584
1257957180411699201
1257993112154181635
1258061416659070981
1258080566978756611
1258054939953311744
1258161127382532096
1257961940866850816
1258030211444039680
1258179071562973186
1257921836614123521
1258196588507402240
1258216656444293121
1257948186649325568
1257972856656236544
1258229412954243074
1258161521705664512
1258141679183368195
1258207153510387717
1258117012649369603
1258065680613675008
1257972406775357440
1258198745214312448
1257945840020336641
1258118227462426628
1258030046351986691
1258063068765945856
1258117455689379840
1258228170584539136
1257957711209271296
1258116927714668545
1258097155438493697
1258198795864571905
1258081235554971651
1257906071391203328
1258178160312582146
1258228654385106944
1257944851561222144
1257916921183375361
1258064456766062592
1257900495651213314
1257968199779274752
1257942784138457088
1257956346915221504
1258171169796239367
1258030882067288064
1258241527605854214
1257899148621369345
1258082739766480896
1258105700473024513
1257994112378290176
1258160963385126912
1258054168369000448
1258179084296871937
1258189904405843968
1257942886194327553
1257940537111388160
1258070303428579328
1258072480662433792
1258140710181666818
1258037458861805573
1258090062790746113
1257945884785950721
1258109153253433345
1258074636673331200
1257900683338137600
1258133797742284802
1258197803081306115
1257906590935429123
1257994375222530048
1258090852901179393
1258240949936848896
1258090515893026820
1257920258419154944
1258108968431468550
1258097121741455367
1258106358995566594
1258200170803724288
1258021261252362242
1258124460072357889
1258000656943759360
1258098358515838978
1258125749724352513
1257927488929333248
1258198181462114304
1257901878173720577
1258088591189774338
1258107586332639232
1258199673828978688
1258116778238058496
1257956100944642048
1257981786627416065
1258161170839744512
1257992928754106369
1258089909354708994
1258169579894902790
1257912280492068865
1258038929950998537
1258180830276485120
1258160557254828032
1257942682602790912
1258061893341675521
1258126101030846465
1258001958461419520
1258207038263484421
1258136058035871744
1258132078010515456
1258149627213291527
1258242091894726656
1258028201466527745
1257948121675575296
1258124686677999618
1258047363379331072
1258107864746352641
1258200453172490240
1258082974320361473
1257983542149165056
1258073117202821124
1257968160398913537
1258168551225122816
1257953924037959681
1258073538747076608
1258056522426433543
1258237901088817152
1258080858004570113
1258029414966853633
1258061738605531136
1257928534628143106
1258083158656004096
1257918265415761922
1258038639956803586
1258117963095388161
1257961488599461888
1258045163303141378
1257942196520652800
1257982313884942337
1257904230628802561
1258141272956600320
1257916486833889280
1257904245245906944
1258019229242195969
1258107067170250753
1258037747123511297
1258177567481266177
1258004826958462976
1258106375487533057
1257897477987958787
1258177687279013889
1258188657342713856
1258020736507228162
1258132409347977216
1258019926972887041
1258133879153659906
1257984620093726721
1258162453600493574
1258045616950632449
1257985747543605248
1258188803031826441
1258168366579068929
1257934904060502017
1258098020744224768
1258176238637641728
1258167669783760896
1258100687797456899
1257921831434170369
1258241485771857921
1258021184488300544
1258226642528452609
1258238054260707328
1258047146223271938
1258197136593870849
1258237780989075456
1258100902134767624
1258091958146392069
1257948049810182144
1257960138851389441
1258108106418118658
1257991175438467080
1257921937780736000
1258097926632423425
1258180191592919040
1258036921466597383
1257920028214571008
1258242119728324609
1257945379405991936
1258197296732344320
1258009791944970240
1257930878874869762
1257960273958383617
1257916799116550144
1258197092645961735
1258171412109332480
1257961213201440768
1258028998589911045
1257955123751419904
1258089262567829504
1258135435370528769
1258056451060387842
1258186059965435909
1258097029172977664
1258018673052258305
1258053045159628800
1258181265804726272
1258035729227284480
1258072938747695113
1258021671337893890
1258125229194244096
1258195784715165696
1258135852183465984
1257982363642011648
1257899952056852480
1258009457851842561
1258002251341275136
1257915510710140928
1258097549929590786
1258047738572406784
1258090238133497856
1258035885804666881
1258052922715394051
1257902341346516993
1258186298814279681
1258064512587980800
1257954281308803073
1257970507326074880
1258064180604739585
1258004778090708992
1257919690900414465
1258151510166233088
1258206132939579392
1258053396965146624
1257915559343161344
1258198349037125632
1258081048677638145
1257920105444491265
1257945841672871936
1257912362620895240
1258107679853039617
1257944747202744323
1257993760480415744
1258114806810370048
1258144001401610240
1258011169484390401
1257981185797419008
1258228255104077835
1258090066708066306
1258021409135214597
1258125538440380416
1257994218724888576
1257915168375345154
1258064356891222017
1258218473261588480
1257972967449022469
1258208426624036865
1258144341425483776
1258142334077861889
1257916386082541568
1257896424190197761
1258208091457425413
1258012789177712641
1258088294497345536
1258217253557776385
1257961646254784513
1258098380921729025
1258209236603060225
1258010284381388800
1258020685852655617
1258097621618614274
1257916064505171968
1258020726579376128
1257902768377008130
1258089179067662338
1258132517787299841
1257895504794378247
1258052709615317003
1257897924798877697
1258107414064148480
1258189200408510465
1258002963915616257
1258012754830602241
1257906578285457408
1258133396837896192
1257970774503235584
1258153229134807041
1258027881881632773
1258218255144980480
1258228401057513477
1258035834512707585
1258132223347261442
1258100180206759936
1258199501854199811
1258229635390857219
1258117218119933954
1258100092206231556
1258013483557404672
1257915420306296832
1258072540494172160
1258080585441923072
1258225932910788609
1258126816793047040
1257973227235704832
1258054475060637699
1258090763235229700
1257947126685933569
1258098263779147776
1258209223617458176
1258230461488234497
1257947049808429058
1258196897916784641
1258236182384820224
1258225523135860737
1257899710796435456
1258071718301773825
1258074582604484608
1257982147769573376
1258168174375288832
1258097394983591936
1258064464856965123
1258065392133648384
1258228238251429889
1258053535796617217
1257985806922158080
1257945594024333312
1257904228670017539
1257897265617764352
1258178415472984064
1258053506201645060
1258020186117947393
1258100166659375104
1257897522749726720
1258160232250908672
1257932842803159040
1258200778419863553
1258230726216101904
1258002558498594823
1257961895723782145
1258140667932532736
1258158678420656141
1258099558317461504
1258141292619595783
1258124880614027264
1258151506374807552
1258195688858533896
1258153314237251599
1257954376494112770
1258010468150579201
1258107394522898432
1258208584644481024
1258196754337538050
1258011356298502146
1257968969300029440
1258073495449341952
1257915264760512512
1258080752127754240
1258144328515493891
1257948082492321792
1257902023720210432
1258178543370076160
1257991774989148162
1258239220050792448
1258011285754646529
1258039762071543809
1258227078803177473
1258180483382476802
1258171472473993216
1258064461983698946
1258079909077045248
1258123298946387968
1258117228676988929
1258047172383256577
1258115657238970368
1258108448262234112
1257959829060149249
1258149313252855808
1258205937023758336
1258188048145268739
1257955245029593089
1258036423464288261
1258190332883349505
1258063617670471680
1257916700160192512
1258019687612416001
1258098658865709057
1257917197780910080
1257917089358196736
1257948503466106880
1257992014714544129
1257930767449153537
1258100393277640706
1258196238882701312
1258114680700182529
1258056505665994752
1258186787652018179
1258038929418326016
1258046807977967622
1258180100182376449
1258188620084715521
1258161408816152576
1258200658001440768
1258237936199442441
1258037047878725633
1257969266617286659
1257968964925341696
1258159889656012809
1258170991546695680
1258092065608605696
1257993359555268614
1258109575833812997
1257914584356188160
1258149490495799296
1257947866749734912
1258225355258822656
1258036807389847552
1257993754826457091
1257915426991988738
1257954481771368448
1258004540311339009
1258217298969669634
1258144630958325760
1257981675885269000
1258081061881470982
1257980272127234048
1257929755069779969
1257994481678323712
1257900033195859968
1257948327146029061
1257973092766416897
1257957429066829824
1258134326954385408
1258099849083318278
1258151506089578498
1258003168773857280
1258179473347874820
1258018595415617537
1258199196081029121
1257954514063241216
1258115787899822081
1258180101860139008
1258151207010537473
1258083077647204361
1258047452516691969
1258019570239094784
1258035922639007744
1258207023952465920
1258073727658610688
1258181240441765889
1258021448909807616
1258206434522804224
1257968989101330432
1258126785520304129
1257916558623608834
1258162614842134537
1258226635796406273
1258064518938333190
1257982179541430278
1258189197430710272
1258114990705446918
1258106169266106369
1258236513998925824
1258200073592168449
1258124860271796224
1258054780037091329
1258161220416409605
1258215993010040833
1258167371543523333
1258133267502465026
1257901218845749249
1258209926112894976
1258239284219437060
1257927491915833344
1258199034742923264
1258134787010764801
1258062473434890240
1258097006205186055
1257992120197136391
1258206694762590208
1258038806122463237
1257928652207067136
1257961973121273857
1257896874394226689
1257984768727232512
1257992228816945152
1258207079782846467
1257916759212011520
1257959466223333376
1258064091190624258
1258208070833930240
1258037060847325184
1257973449567289344
1257929611301785600
1258097588185825280
1258217498249396224
1258000530971992064
1258169801970573313
1258081489109073920
1258207819813150720
1258208739477225472
1257944382541422592
1258171016230195201
1258238893071175680
1257931632964706304
1258021670389821440
1258022082098667520
1258038137000988673
1258125805357535233
1258072463184850944
1258126605752438787
1258072198780051456
1258089976085876737
1258186062406574082
1257982034334580736
1257944146536534021
1257984936897847296
1257960001806663680
1258126236540420096
1258083003449909248
1258004088148680705
1257933814619426816
1258207344405680136
1258199715893710848
1258088478753071110
1258218353711370240
1258168371025268742
1258070950647459840
1257981812871217152
1258029115602542592
1258082745156136960
1258019557102387201
1257980457481842688
1258065548363141120
1258045578518204416
1258206749775089671
1258179654025990145
1257897769236389889
1258207541034717184
1258070791301685249
1258028038081527809
1257959222148505600
1258099995200434184
1258002491850977282
1258010794660413441
1258208818535600128
1258106685383684097
1258079029007134723
1258070875099656192
1258160813434712066
1258030083966750721
1257944812172566528
1258226256409014272
1258132509528920064
1258226008337063941
1258207834644393987
1258098480939241472
1258037751250894853
1257930836172652545
1258021046298587139
1257930604630413313
1258124900465860608
1257945775394471937
1258178174745219077
1258240963937370112
1257902801717530624
1258200171055202304
1257969175127089154
1258210029305573376
1258037911414624258
1258199411118632960
1257920279570862080
1258206800387518464
1258090323127029762
1258028755055898625
1258071645362716673
1258096653518598146
1258106357053456384
1258089567699324928
1258132934613069824
1257995558804951040
1258186459384885249
1258099912568238081
1258028567616786433
1258198324752121857
1257904294784831489
1258141993231884289
1257932190001909761
1257956181362032646
1258132262039805952
1258012120366682112
1258010681095356416
1258118403937705984
1258197756117692417
1258132117109735429
1258089335024422912
1258010752457244673
1258228889479811072
1258018065658245122
1258100781237989376
1258009754305048576
1258229730563760129
1257906226370928645
1258208896516100097
1258236794086326273
1258206597270167555
1258239121509711872
1258151329853251588
1257904647156764672
1258144194629074944
1257992230477991936
1258056147648614401
1257903876889591809
1258047742473113606
1257993203711643648
1258080132704505856
1258055397216264192
1258127325507530752
1257900616384471041
1257958118073536512
1258089649588908032
1258200903338713094
1257920385007271942
1257961668048535552
1258240359550922753
1258091006156832776
1258177549093482496
1258074593903947778
1258062335576625153
1258019505579741185
1258004251256619008
1257912662043668480
1258009913227390976
1258044315974107136
1258160284696547329
1258114471316336644
1257899354917965824
1257906498350415872
1257903782714802176
1257943455373955074
1258144585219530757
1257958484357890048
1258106395498557443
1258188327284543491
1258210181407600640
1257895815542124544
1258236511344099336
1257904929852633088
1257928938195746816
1258179263704039424
1258142269414223872
1257960823655485443
1258241611034775552
1258070399289634817
1258019331159592960
1258206429598461957
1258167540720730113
1257961399130750977
1258158335456575504
1258158189926912000
1258018549592993794
1257981883784323074
1258018400871342081
1258054122122682378
1258062968182444032
1257904771001987072
1258186608827699200
1257992217890820096
1258082770062118914
1258074130122829824
1257897302980734976
1258026965174554624
1257932530302324736
1258081241577828352
1258039208360456203
1258127031998562305
1257903942870024197
1258045498969264129
1258226336289763333
1258036577881731073
1258237059124170753
1258118475534544896
1257944416557375489
1258226932736557069
1258011309460905986
1258002474700541953
1257895566966755337
1257974075349241856
1258074565328031745
1258169917318332418
1257913808577859586
1258096640038072326
1258230091051683842
1258135590140366848
1257896658068598789
1258020848188997633
1258197530514317315
1258207885315706882
1258216931821334538
1258153012054437889
1257930600574406659
1258238196862902273
1258053677216083974
1258090106998661120
1258109739029819392
1258088667190607873
1257933039444746241
1257954752362688517
1258178357423939586
1258064619752562691
1258100705245696001
1258149380026036224
1258124208602841088
1258152571396472832
1258065803674480640
1257895732901826561
1258198732992061440
1258079077971513345
1258020946490859521
1257917975119777792
1257918583830712323
1258209382371819520
1258114616149676032
1258079299619426304
1258158998202834945
1258028554794659841
1258237559806844928
1257961011186810881
1258047600667684865
1258205977867886595
1258242071397199873
1258170060142764032
1258187857535131648
1258199316176539649
1257929904341082112
1258187888166084609
1258167577244848129
1258177970679820290
1257914405251092480
1257994524422549504
1257932532223488002
1257972813249548289
1258011167869538307
1258029461116764160
1258149505226215425
1258114478090133505
1258143990085550080
1258061483805675521
1258020254413926401
1258236369459122177
1257912960816644096
1258142111054077952
1258001927574564866
1257993156064432131
1258239062856527872
1257919170370400256
1258011369405911040
1257973149582401541
1258070852601602050
1258061773808287747
1257903535531814913
1258161842171584512
1258189972961742848
1257968539694034944
1258028101021417473
1258231074590769153
1258088332183158784
1258083533748408321
1257985275319521285
1257982154539020290
1257918823404990464
1258114977879203842
1258228800703299585
1257961473906638848
1258200281608785920
1257917258010988544
1258124896267313152
1258220059366952963
1257981062887718914
1257994568630505475
1258123934391832576
1258012476815409153
1258027804169506816
1258029391822512129
1258038162456227845
1258080830947241984
1258225508350918656
1257982108003438592
1258226950264336386
1257971118419456007
1258241430910164994
1258239437642715137
1258117536874364930
1257959917782208512
1257934593115729922
1258240931205050371
1257994843097358337
1257970586598465536
1258052791869804545
1258124590825390080
1257902145728282625
1258237852766416896
1257984644630396931
1258229937179439115
1257946288588419075
1258167620370493440
1258002699909582851
1257974066264367104
1257958062339604481
1258209514664452097
1258027271161475073
1258064193594339328
1258124896695173120
1258125635442167815
1258160671847591938
1258115872243298306
1258186636720058370
1258098187920949248
1258053309459509249
1258054568039944195
1257921312502067200
1258125936433811457
1258134499310931972
1258126165316743169
1258027174440902656
1258045713394462722
1258150009649934339
1257967785113681920
1257957687662346246
1258143072723955714
1257921308484087808
1258217761957982209
1258229518948433920
1258216811109257216
1258108394164162561
1257915745964560390
1258061486737559552
1258022263506587648
1258133759632617472
1258215425319583749
1258096687752626177
1258074112280408067
1258176968761237506
1257991852642492417
1257984934704304128
1258019212880162816
1258195922661621760
1258029719754326017
1257969220635287553
1258205632097849344
1258141757436395520
1258180146902769664
1258176182861860865
1258167876076306432
1257902341660925953
1258226658047340545
1257929006222946304
1257913549453766656
1258046560539217920
1258151842736832512
1258237876028018689
1257930225868066816
1257991427323301889
1258186731981082625
1258045816503250944
1257915098942836743
1258081188037693440
1258190208517971980
1258241780203560960
1257946672782438400
1258027048188039168
1258098775937167368
1258072363725402112
1258189904108048389
1258073991639687169
1258205879834415105
1257974154680295425
1257973220403302401
1258027404355866624
1257994992792096769
1258039417270407169
1258197956878127104
1257959723023777793
1258065154882670592
1257930242204659712
1257947450305896448
1258061692170371073
1258089744619188226
1258225860341116941
1258228885247926274
1258158152773763074
1258225748181233664
1258064915325124610
1258098731867570177
1258001058963611650
1258229404569751553
1257928831664558086
1258123865726881793
1257903903154135041
1258189716912050176
1258097315534995457
1257944689300381697
1258074033419157508
1257957844198002689
1258239873812594689
1258080357045460999
1258241554382229511
1257915248683520001
1258114466484551687
1258159189848801280
1258097612378554368
1257912898808152064
1258064477989343232
1258135658981240833
1258082697261481984
1258047377371467781
1257992058859651072
1258020434924261377
1258028097879900160
1257956155592237057
1258073826736431104
1258210507980505089
1258180322786770944
1257913444591742986
1258206896416309250
1257961974224359424
1258056995783000065
1258196690600894465
1258124741854060544
1257946035462291456
1258196329886597120
1258107006105407489
1258079217754857473
1257972015077588992
1257917729048313856
1258242075834945544
1258238247672528902
1258002467234734080
1258162499024834560
1258153053590446080
1257981701403348992
1258236162084405248
1258158737447178242
1257960524261793792
1258208597097545732
1257995601406541824
1257931863735390208
1257906196553633793
1258126038326030338
1258215719457763328
1257953941054271488
1258225320035000322
1258153506994872324
1258065832875302916
1258053174918856704
1258002244370300929
1258045834148687877
1258239853533302787
1257994235321745408
1258178141463498752
1258061466319630343
1258141985229209605
1258180111246987265
1258177808502792197
1258143346620600327
1258215559465820161
1258115230602629120
1258002688043814912
1258002423601397760
1258218610650157057
1258117155809263617
1258188135172890625
1257929869004083202
1257929962331336704
1258167461469437953
1258055619094945794
1258109230399324162
1258070932024950790
1258161437970771969
1258039438405447681
1257946379193851904
1258238658777427968
1258238910959718400
1257960116860661762
1258106052056399879
1258045682579095552
1258158300371222534
1258030617486188550
1258206120474284034
1257948265837977601
1258099748772425728
1258021452537888769
1258151079138791424
1257981981079584774
1258047228251381770
1258044873837621250
1257901802592362497
1258116380081020928
1258241132141654016
1257920266707046400
1258122887300444160
1258072968690831360
1258061595789471750
1258018165172338689
1258082404054564864
1258088640565084161
1257945873658462208
1258022036766687232
1257901284591636481
1257903242945662977
1258035535416897547
1257995311475240961
1258057070978293761
1258151044904890371
1258055615852826625
1258013132661747712
1258020144661569537
1258205705502220288
1258047839915012097
1257942659370344448
1258061425735536641
1258039182506803203
1257973149708152833
1257942952564973568
1257930384001490944
1257958990975295488
1258180597471539201
1257974297714462720
1257960716423909376
1258229229851795458
1258237674441150467
1258082131349291009
1258064942604808192
1258220519738019840
1258167942648418309
1258207756722544642
1258209122454888448
1257918774453338113
1258159875152019461
1258108618089484290
1258189296911241216
1258149808394641408
1257980354192904194
1257931414152019970
1258186605275353089
1258237185226149890
1257897431599132672
1258079674032427009
1258009578199035904
1258150926344499200
1257947748495736835
1258209590425948161
1257991094014324736
1257919078582321157
1257896200080166913
1258106810378190848
1258209014283829249
1258225711996784640
1258171571425947648
1258029714792275974
1258134350807404545
1258160400857812994
1258241055780147201
1258056264619307008
1257940626110324737
1258065444356980737
1258065351360892931
1258188226403217414
1258097782432374787
1258200763391754240
1258096925536026631
1257985452797296640
1258037805747445760
1258217535159164929
1258088817548017665
1258031156076797953
1258197378621939713
1258003357270044672
1258001770187456513
1258070919463014401
1258039127573962752
1258001097765072896
1258000408129257472
1258028831585247236
1257971058096984065
1258009215748182016
1257945879220293632
1258217378711654400
1258097161209692160
1258152262158802944
1257972721540988929
1258207436713988098
1257898424134807554
1257962328265560066
1257985195950649344
1257904736050638849
1258106665074909184
1258159171788308486
1258159247520489472
1258200374684651520
1257895963714187264
1257983652069363712
1257973639502331904
1258011727943413761
1257919284229087233
1257918952480452608
1257959078141321217
1258100042490982405
1258189253605036034
1258197810257825793
1258196481884008449
1258132149062033409
1258081498672046087
1258038837596631041
1257971855513784321
1258149396702691329
1258030931673300995
1257906067683540992
1257982930397417473
1258149993766141953
1258073433663066119
1258062146539118593
1258151615720087552
1257918685282365440
1257929041937661953
1258106543263772673
1258064985613201408
1258218392399446019
1258207118412394496
1258001716404015105
1257969051021819904
1257927770111389697
1258219811919839234
1258044631436218369
1258074222590660610
1257957827630510082
1257955217636765696
1258097307050008576
1258135056448716800
1258011301554552832
1257961474674343939
1257958467370917888
1258012824049078272
1257929212503248896
1258180229463498754
1258171530116300801
1258162069276246017
1258055128332095488
1258178805715394565
1257930558509690881
1258186839598542854
1258241687643656193
1258176931490607104
1258210123903721472
1258044995057188871
1258056602269224962
1258151748784607237
1258089299934769152
1257982239389908992
1258010153154011139
1258028478978568195
1258114466023010304
1258000531131256834
1258071225689092101
1257973457242992642
1258227825640947712
1257992548452306944
1258209554883579905
1258064724807135232
1258115803875913729
1258158593003716608
1257904648343576576
1257959012437499904
1258037348513841153
1257971076618829826
1258189050420183041
1258028976490061824
1257905241829199872
1258011765822144513
1258045573334044673
1258092266243096581
1257994881571717120
1258035637808238592
1258217186881085440
1258227033903161344
1258209021082779650
1258082816614526976
1258160880019259394
1258004099834019840
1258107218068725760
1258133822337474562
1258126041605947398
1257944207408467969
1257957610134753286
1258197226700115968
1258072220561219586
1258062120865992704
1258071734181171200
1258186239204712448
1258225951197954048
1258117619913236480
1257993321269678081
1257968859866259458
1257930780715581440
1258142446313144320
1257984976206921728
1258178345071792129
1258141950160637952
1258218045547347968
1257902576793722881
1258160016030302210
1258199939277942784
1258082093952839682
1258010704419921920
1258133896828461063
1258136016134696960
1258065086347751429
1258088474391035904
1257927526372052993
1257944018014670850
1258021256441606145
1258090687796359168
1257946171613442048
1258089628508270592
1258239431238025223
1258097051323314181
1258055002175811584
1257970230053093376
1258089542390697984
1257961388661596160
1257984673118130176
1258159609040142338
1258038642259484674
1258012974511341569
1258118182272991234
1258080038768898048
1258039953595998208
1257943288662962178
1257969824476487682
1258229923577081856
1257913192396713984
1258124565336805382
1258188596999225344
1258037714072584192
1257900681026887680
1258217822460706816
1258047226384986112
1258127010490191872
1258054051750727683
1258107709657882624
1257919588349722625
1258010238827008000
1258117327607918592
1258056172776505345
1258160998109904896
1258073747631849484
1258001857655394307
1258000300214009857
1258010311896039424
1258089171597635585
1258228843808124929
1257942822499606529
1258215894532018181
1258116919611158529
1258118113880690694
1258003006903201793
1258013026218901505
1257985973838807044
1257982599601012741
1258115624053510144
1258045544888401921
1258021735238111232
1258236739560394754
1258000993033355265
1258046401310851075
1258021032721625089
1257902333272264705
1257905684428943360
1258205830043717633
1258216822668701698
1257933761854861314
1258159545005813761
1258170007864868864
1257944374584934404
1257921542006202368
1258123051302076417
1258021989857611779
1258062411380281345
1257906201783828485
1258037488007946240
1258216745132752903
1257955088288669696
1258161769475977218
1258161554220036096
1258150452002205696
1258131831628746753
1258135393767129089
1258140967535874055
1258198574753513472
1258063202547613699
1258010178278117378
1257902740535205890
1258142071799635969
1258100993222496261
1257979970309074944
1258045289677467648
1258150972179845126
1257913171840557056
1257901262827331584
1258241535134531586
1258152813433106433
1258230017185574912
1258170743000571905
1257992276929679362
1257929858732240896
1258225397730336768
1257974271122554881
1258053039908368384
1258161946378899456
1258131705489166341
1257932291390791680
1257992320751828992
1257932686846386176
1258028215739834369
1258133654628298752
1258098447258877960
1258009352167981058
1257958502804447232
1257981567093407744
1258132754019094532
1257918678013706240
1257915787219734529
1258072181826871297
1258045356102897667
1258046676738203649
1257959347532922881
1258108236332400640
1258217980615438336
1257899748767432704
1258135818008477696
1258231071856046081
1258054423353397248
1258089912538206208
1258125161406107648
1258012846572670977
1258018294994554880
1258054876778684418
1258197096106057728
1258018018078187520
1257932226345365506
1258162023277395974
1258064407441084416
1257930161179242497
1257972641924886529
1257931507299164160
1257930650528645120
1258010796371689472
1258107181787951104
1258205633549139969
1258178569366155264
1257918054715084800
1257932447871713280
1257960539935948800
1258022210956079104
1258063581582688257
1258071923503890437
1257917356644405248
1258161091508670464
1258117958561173504
1258037935728758784
1258089371443568640
1258171642917687296
1258098142282682368
1258160808225378306
1258115981089615886
1258208368847699968
1258196096536530945
1258195839500955648
1257904794112454662
1258035719345442819
1257932732363087872
1257943093137092609
1258220100047511553
1257982348236410880
1257912602090446849
1257984673688334337
1257921761053573120
1257929175048032257
1257902087251394561
1258062102981476356
1258123928884609029
1258117193486630918
1257933390713585665
1258187457100685320
1257981557933039616
1258002687615840256
1258088931104522240
1258019126871760896
1257915326530011136
1258189892024242178
1258205969970069506
1258236877435539456
1258099037984743424
1258062214067609606
1258240499284094976
1258055715106762752
1258054230398717952
1258240534012985344
1258061794448420865
1258047649523138560
1258159736664571906
1258169910288683008
1258010737739534337
1258150003270225921
1257904940170670080
1258100214264745985
1258240577575030784
1258141565911830528
1258167125254029312
1257914325269991429
1257913748301516802
1258020197685956611
1258036977162747906
1257897313080573958
1258238026666274816
1257942749103501312
1258038548877529088
1258088737562439681
1258208253932122113
1258198301356093440
1258045004288872450
1257898789781766144
1258000298444050433
1258240230571814913
1257981006784737281
1257921573153132544
1258064361995657217
1257985907568893952
1258127103540645888
1258037031676129280
1258047214150135808
1258218676450287616
1258020392704368645
1258012638547771393
1258152633061130241
1258044947908960256
1257927654411571201
1257985139876888576
1258107963836792832
1258241561810415617
1258186154605764608
1257902927349456897
1258064511182962688
1257915653924634625
1258108103700017152
1258169619854041094
1257934661189349377
1257906357346287619
1258105582713810944
1257994902736187392
1257971296979296256
1258225882969194496
1258158213884764161
1258003886947930117
1258089798658658305
1258206452436611077
1258230047321870338
1258029082194968577
1258029907914915841
1258099763838357510
1258098066365784064
1258106987969155073
1258210569166954496
1257902578492477440
1257973867743715328
1257934995370291206
1257984352446746624
1258218458157809667
1258177989436682241
1257958279449178113
1257961646850543616
1258003783222788096
1258106543515545600
1258000424315105280
1258151295531319297
1258187423080566784
1258074099781300224
1258047868314640384
1258117216203091969
1258125659290963968
1258003245496221701
1258161551363780609
1258071138309210113
1258036129099476998
1257947113599627264
1258071860471873541
1258123409306894338
1257991500543266817
1257982104639602688
1258064796684935168
1257914211742728194
1257900471924043776
1258124784405118977
1258195628959596544
1258046710594572288
1257904235200475136
1258125297523834880
1258189636293312518
1258003963552632833
1257973309586788352
1258188736971436032
1257928717717946369
1258018865650466816
1257932093876731904
1258207951979974656
1257948439469580288
1258115884154884097
1258017949987864578
1258134846678822913
1258088922380414982
1257941425112653825
1258153554184818688
1258162597993603073
1258210338689949696
1258131759834660865
1257957218680483840
1258118254142382082
1258199075058528258
1258123268877320192
1257929405399207937
1257947186416898048
1258206098881949697
1258096833114583042
1258092219069800449
1258151573542170629
1257974198657409025
1258011173800181760
1258158405295972353
1258177152949932033
1258064893099610116
1258108328972038144
1257982980716462081
1258217530423836679
1257992358114717699
1258127104769744903
1258197219045527552
1257991375938863108
1257916307611119616
1258082224022392842
1257946303209910279
1257971883527421952
1258018254175571969
1258020753464856576
1258018671034806272
1258117079833731073
1257900653248208898
1258074246225543168
1257928116103675905
1258144395238522881
1258209808643239941
1257927490863017984
1258216864359968768
1258188095167528961
1258108601429712897
1258134362731589633
1258189234592153600
1258088532905615362
1258000259260784640
1257932907441582080
1258124026733625349
1258036689848721411
1258153014793207809
1258215899833737217
1257944839154536448
1258178225349353473
1257980413894483968
1257995086908084225
1258242061469396994
1258089072557424640
1257995569194246144
1258080730141188096
1257972008114991104
1257931222845718528
1257960324160008193
1258188567639097346
1258030555557486592
1258231001555312640
1257981154621362184
1257958709302644738
1258124821562605569
1258011314108141575
1258108543938551810
1257931693446463489
1258197056029523970
1258056056166629384
1258220264711733254
1257916337302630401
1258210449947934720
1258088703756558338
1257959295355764736
1257928555717107712
1258002648957095937
1257941899756933120
1258035517293240326
1258000917519052802
1258100155393478657
1257918397662334976
1257982709592469505
1258117985362944000
1258160977788440582
1257933673829203969
1257947595718250497
1257957302021193728
1258022154190221314
1257994042320785408
1258207743657336832
1258073862429868032
1258219921181458432
1257971701603807232
1257906572195516416
1258176781850259456
1258190205774819328
1257917375682351104
1258053199816208385
1258096861774319616
1258196065859317760
1257991661562613762
1258080320374607873
1258115506441248768
1257968128828469249
1258012577386373120
1258079027539083266
1258196184042221576
1257969421009719297
1257994936483528704
1258030650420051973
1258159861927419904
1258159718167719943
1258135759854489600
1258011964762177536
1257985193631088641
1258196795584319493
1258161258374868995
1257969168025935872
1258230594191884289
1258231209920008193
1258170367274823680
1258109748890816512
1257895901638479873
1258150374306918402
1258116093530517504
1257943549024169984
1257994561080696838
1258122860448505857
1258106705755410433
1257960464623054849
1258000439372587013
1258056602315350016
1258036205297557504
1258003874826330112
1258037781961609219
1258070211149721600
1258106231249657857
1257928675158306817
1258052725066960896
1258208231853363200
1258038178696630274
1258126887265677313
1258132908541345792
1258133747527847937
1258218237327577088
1257946934666498048
1258000251182514177
1258039928451223554
1258046187950784514
1258029565185794049
1258001148578942984
1258188405499985932
1257933101075959808
1258021549837189121
1257902119694237697
1258181077778268161
1257942286886936577
1257960339427274754
1258021792721051650
1257947087200755714
1258114722152493058
1258013042668965888
1257912314008928257
1258114423199326215
1257915284586852354
1257993797113450496
1258237739234975746
1258236238621929472
1258055061562851333
1258039324278427648
1257981028783853569
1258036770060591104
1258237785783271425
1258020613102452736
1258109717055967234
1257968650730029062
1258011656971587584
1258226021242814464
1258151396689342465
1258152269989756928
1257981121037570048
1258188060216496131
1258002123188572161
1257915840189485064
1258125131857170432
1258196439462744066
1257934853829537792
1257973222148116480
1258028751297937408
1258036958879551488
1258219162255724550
1258116353078288384
1257927840579809280
1258083475573354497
1258081440455163904
1258044916313317377
1257905210158133249
1257896706034872322
1258153305542479876
1258038384821485572
1258081281134518273
1258091011747667968
1257981835281383424
1258115145068417024
1258141461780054019
1258056491900243968
1258199890041221121
1258011724155781121
1258021961176842241
1258045587850584064
1257991176839462917
1258196260596658177
1257903392686575616
1257959482849624064
1257899808678768640
1257912816415264769
1258100972070420480
1258000349933252608
1257948502396674048
1257901042739539968
1258002378177077248
1258030505531867145
1258096945228328962
1258070212278194176
1258090915593367554
1258106554940829698
1257982774390243329
1258180474935050240
1258022272184573952
1258227630056316935
1258218661690707974
1257980104736677888
1258035818041610240
1258000970048569344
1257958092937068544
1258149625489313792
1258019100825133057
1258105648350281729
1257919335583997952
1257930871920828417
1258065491769331713
1258161066636382208
1258238713135607809
1258030029390266372
1257930743034109952
1257993888591159296
1258001232947564545
1257913976853233669
1258036205159165958
1258018932268597248
1258208759576506368
1258044697752358915
1258011344160374787
1258062939686387712
1258082656748699650
1258186933299294210
1258081249895182337
1257947097115983872
1257980268431974406
1257948153015345153
1258001762478260224
1257994556257296391
1258073030162513922
1258168779705638915
1258176675185078272
1257982683751251968
1258064621572952067
1258123363224113153
1257995611695169536
1258088223080722434
1258035864116113408
1258073769509367815
1257985825704480769
1257985049720426496
1258061818272141313
1258189985787924480
1258073396451127296
1257931857263550464
1258240291221524480
1257983511660687360
1258073856021053441
1258012584810340352
1258133435526381571
1258074044328542209
1257983193057308672
1257918833039486977
1258061978448396288
1258116071824949249
1258123626009812995
1258105742747410433
1258239440583036929
1258144849418690566
1258230125998546947
1258170008531644416
1257916617859760128
1257915907176894465
1258180100216020992
1258074124095639552
1258127074608533505
1258167063685804034
1258096496299454465
1258186874054565888
1257898261526036480
1258047503234207744
1258013193546457091
1257897194885021697
1257898198103994369
1257970861161799680
1258159290852020225
1258177969450704897
1257992454772527104
1257968420068438019
1258186888604798978
1258189560724553728
1258052642057617410
1257945960770084864
1257968068275429376
1258177284739149832
1257935041696579584
1257919551892791298
1258002752342560769
1258171412369608710
1258099152384176133
1258065261019742208
1258141725798928396
1257980222802141186
1258061759757369345
1257930972919500800
1258098241507393539
1257902670997868544
1258187652446199813
1257906204778479617
1258079507048628224
1257906511050952704
1257959164766294016
1257957953002405888
1258052980961611776
1258083197016891393
1258226649222520832
1258081944736276481
1258073240716693504
1257904692635541505
1258097793945817089
1258141628881125378
1257968996759953409
1258162463213785088
1258055139790696449
1258196700990189568
1258141235144843264
1258199764916670477
1257956737665183744
1258180762140106753
1257971202586554368
1258162127149334528
1257983395046580224
1257974633678045184
1258098662422519809
1257915031183699968
1257957350742396928
1258089254946734081
1257930891826954240
1258239015133671425
1258079032064655361
1258133693396377601
1258045197281304578
1258208219668844546
1257947209020190721
1258012095565541382
1258191007440650250
1258039103049908225
1258116851508355072
1258140868227346432
1258158246889689088
1258003954304155648
1258159096253034496
1258046313272422400
1257927864999182336
1258009397520973824
1258208317362638853
1258114315179241472
1257957315853955078
1258055880064397312
1258240275178303488
1258088237903556610
1258053481778147329
1257956915314929665
1257919385643159553
1257903444347596801
1258190037595938816
1258216366789836800
1258020657725571072
1258080147111960576
1257899197405319168
1257946356703993856
1258171134681518080
1258123527468675073
1258030672825987072
1257941120480403456
1258045083871518720
1257981086707200001
1258044337633427456
1258132300291887106
1258187170147373059
1258000720944652288
1258046334134861826
1257904269400907776
1257957734227607553
1258036853330116610
1258227965458034688
1258169227544072194
1258012007002968066
1258115208888926210
1258039185560174592
1258070852727443458
1258080763955871744
1258135644372680705
1258055310507487238
1258098267725930498
1257941468360015872
1258131844228362248
1257899581049679872
1258197742804860929
1258236354036523008
1258200489449213954
1257900433269391361
1257928077646200833
1258064713931522048
1258171024883036161
1258074054357127170
1258199224392585222
1257942212467470336
1258143605119582208
1257971838161842176
1258003759860506624
1257994196406939648
1257995341145739265
1258132164065067009
1258126802117029889
1257918136436719617
1258151904145805313
1258105708081446913
1258207823890198533
1258090206680489993
1257899730601865216
1258072933748150273
1258159123994116098
1257913667938631680
1258027870842052609
1258238261966901250
1258100468959469570
1258181119175872516
1257995465490079744
1258117247043866625
1258045346783076358
1257904725862670336
1257948167137570816
1258046984503558145
1258030761665536000
1258079651894870017
1257956625245241345
1257902067785621505
1258189444739411968
1258220106150223873
1258134984302395395
1258072291105259528
1258082409570017281
1257991164856168454
1257918601954308097
1258072525990514695
1257941365960425472
1257985665368653824
1257972100788150277
1257927843545112576
1258143777677381632
1258022127199850496
1257932301058682880
1258167613458313217
1258010765526695937
1258176459337678848
1258011887456968704
1258177879059378177
1258241439387000833
1257984940521558016
1258228970958487560
1257948473258696706
1257994515413073922
1258021976700051457
1257929445509230593
1257984500753141764
1257943436063379456
1258123229450960898
1258088315712155648
1258073079521181697
1257968837213007872
1257983630002909184
1258168541972295680
1257993243947601922
1258167405697814529
1258037839448637440
1258162236058714113
1258010208644722690
1257961427941208065
1258127282587254784
1257970469451563008
1258153670614515717
1257903232900304896
1258133830805999617
1257930669759647744
1258004420736024576
1258141774792572929
1258171153455210498
1258079649298604038
1258207835281854464
1258116162057129984
1258001454926831617
1258053538661502976
1258073430202540032
1258153298906972160
1258167688435818497
1258081384146632705
1258081846052651008
1257906426091012096
1258079246448242688
1257961934361632771
1257974261051879425
1258082110658707458
1258226487595085824
1258107725252374540
1258178617638518786
1257934971542462465
1258072507090735104
1257903157058760705
1258056857899286528
1257913579308756993
1258108953755627528
1257901824402571264
1258140835402534912
1257929217523752960
1258045866952339459
1257955762845999109
1257906353085067265
1258220608959033344
1257904716203413505
1257991007225868290
1258149442160492544
1258097986380247040
1258167112515739649
1258219306627760129
1257957477750095872
1258089115528171520
1258072696148996096
1257917487812939779
1257920258528051200
1258189684053815296
1258158642630623232
1258096559578808325
1258210310567141378
1258030880737521664
1258226909873238019
1258037145316581377
1258114717542948865
1258082160692490240
1258216923533389826
1258010165070233603
1258030718137110528
1257898408079167491
1258018754992070657
1257902738370899968
1258082685928472577
1258098587218608130
1257992471285338112
1258091965360586761
1258142677939306497
1258115706740191234
1258028134265487361
1257928672859820033
1258179744392024065
1258206196772876291
1258117280292012032
1258039932523892737
1257960872225329155
1258235966516367360
1258004223951691776
1258215589253976067
1258019818785116166
1258029169914544129
1257944385729310721
1258239442323533827
1258079782673186817
1258208748952260610
1258109381440425985
1258158104358858753
1258037542500413440
1258199165043081216
1258176353632911363
1258152190142754816
1258047066799890433
1258240440861691909
1258200772509970433
1257946087828193280
1258216351501635584
1257901996092411904
1258216274363994113
1258036473531641856
1257914503955722242
1257900276586962944
1258055066533191680
1257921897104199680
1257897811829387264
1257959473743872000
1257995150997028864
1258158434911948802
1258229308646199297
1258098044601602050
1257961415215702016
1258209166709186561
1258236457010905088
1258187027909992448
1258209532909518853
1258052750799224834
1258134526448021505
1258158965067743232
1258003966983471106
1258065802839724033
1258020820263276547
1258170127876382720
1258198821714173953
1257960374088974336
1258200869130039297
1257971913541984256
1258209875743703040
1258089829331619846
1258018707202125824
1258097445961162753
1257897400120872960
1258206703708852225
1258167607624036352
1258072620290932742
1258036158468063232
1258003052939878400
1258053002453291008
1258073793458843656
1257955636396068865
1257961702303424512
1257955811638337536
1257969830478540801
1258218497286508547
1257927330049126401
1257967901971116033
1258020590130278400
1258020902706520064
1258053925141389318
1257932587072466944
1258241882376863752
1258038414068396032
1257913683457564672
1258030885695258624
1258207249085890565
1258089907215634432
1258127082737057796
1258190254135263238
1258037324203556864
1257962425489514497
1258116974183358469
1258009797217210368
1258097075037900800
1258167732547342337
1258208661119385600
1257957468338106368
1258133348733652993
1258000802259533825
1258100043007102982
1258178396242116613
1257960131704348672
1258123922949750788
1258009898446721026
1258081884199845889
1258142729294327808
1258098805146337282
1257962240248090628
1258071763277303808
1257972069016440833
1258228201769390080
1257980796096446465
1257947279106981889
1257991230077702146
1258090603482501121
1257915597985325056
1258236052935970816
1258089090865602560
1257935194511650821
1257992608250503168
1257944281672593409
1257982715330097152
1258230384078270464
1258150850746171392
1257955896690262016
1258170413026357250
1258126746303561730
1258123077533261824
1258127205588176902
1257902487438319616
1258026959147171840
1257972288353271808
1258125434945826816
1258236311183523840
1257931153081860098
1257961606551502848
1258065287464792064
1258228185033871360
1258226651961470976
1257929516409925633
1258045850540019712
1257946142001844224
1258153428116803587
1257912295839105025
1257972443362332672
1258027333967060993
1258072899614732288
1257968652638396416
1258063562808967174
1257970724809162752
1258072776126029824
1258124073906782208
1257960447355113473
1258187742829260801
1257898475426963460
1258227289604583425
1258038834748678145
1258150940709810176
1258179347103522816
1258037114278752256
1258206577317871616
1258198072833662976
1258169541529657344
1258061714316079105
1258027866048135168
1258216597015146508
1258009957418614786
1258125203298816000
1258169772488916992
1258020077867167747
1258082095701737474
1258180685833084929
1258021121108013059
1258215653464371200
1258019209570910209
1257946974784978950
1258099120138485760
1257921113868435458
1257941957638324229
1258018802077511681
1258098428208349186
1258198070971363328
1257959627121098752
1257916703184490502
1258063273439748096
1258088893460742144
1257944538250907648
1258141102940585985
1257993123378200576
1258037474997264384
1257919553197289472
1258220506320302080
1258150489696411648
1258052804712648704
1258048014725382144
1257995512852238337
1257981720982323200
1258036191116460035
1257973265366167565
1258055372587368448
1258231239976214529
1257899709848584192
1257918107475226624
1258181011751555074
1258141910012694531
1258118514575118338
1257958756014419968
1258002881724190720
1257957688081813504
1258099399101743104
1258123513153675271
1258229564146409474
1257980210798002177
1257991071218438145
1258143317382045701
1257942147094872065
1258206318265016320
1258161815902662658
1258011375701331969
1258038494275960837
1258143690788352002
1258065769155436544
1258160284323262464
1258099353597751301
1257942437030293504
1258141066399756288
1258019338843500545
1258012453624934401
1257967920086487041
1257959669311684609
1257944515131908114
1257920260696662017
1257980574813368320
1258097006079283202
1257956800026030081
1258153453127446528
1258189620745035777
1258047412058443778
1258188301464268800
1257920378715860992
1257985388322357248
1257960919444774913
1257942495066906624
1258159170139967489
1258151243593191424
1258072204316741632
1257960013265502208
1258236588968075267
1258020271191187457
1258207270846038016
1258039785446346753
1258134677828898823
1258207652972163072
1258106215160328193
1258209024052547584
1258160775643963394
1258207367772110849
1258018169953955840
1257927725098119168
1258141083923443712
1257946377365176321
1257906746716119041
1257995428685123584
1258131678825979908
1258237994063900672
1257895727189147648
1257899823602135043
1257897950551908355
1258088222212739074
1257980967857401857
1258028365317103618
1257993090046078982
1258100632747225089
1258092010902347778
1258206804208685057
1258080139377852417
1257984232779141120
1258186374273851393
1258100405700968448
1257962181783683072
1258020700402712578
1258074226961059843
1257935020657950720
1258170300140830720
1258238878319693824
1257947797631799296
1258096507917447168
1258199595353399298
1258185846827565057
1258205865133215745
1258105788117274625
1258012233415737345
1258208712646250499
1258134146041483265
1257974561678688256
1258036950155624449
1257919523166064640
1257958164542230528
1257993548034650112
1258227965911064581
1258241504524603393
1257929220111699969
1258218252985151493
1258135810274197504
1257898145662582784
1258151393304731650
1258144520966995971
1258099552130867200
1258152865811410944
1257955620902309889
1257919974351540224
1257906493963329541
1258088298477731840
1257973433054515200
1257943419822968834
1257956581632872448
1258105451285225473
1258231178894737410
1258053053460164611
1257992736080363522
1258152813043101697
1258197635099394052
1257903367394902017
1258107251245682690
1258207522797862917
1258037756980322305
1258088004071026688
1257979964059770880
1257905847465844747
1258135140083077124
1258046961858629632
1258114872405041153
1257983352352587776
1258055309672820736
1258026788313354240
1257991159143641088
1258237607378472960
1258044027032797189
1258026793186947072
1258186263099846657
1257913827024347136
1257901826688475137
1258018554177376257
1258107009465024513
1257970120183304193
1258141191763353605
1258108460211863557
1258240844588613638
1258091455706521600
1258081688363687941
1258230710885703682
1258230022386655232
1258062079354974210
1258012011641913344
1258064637502742530
1257940800870035456
1258215976891346946
1258047913885745152
1258100921365495808
1258187282856718340
1258159863173087232
1258047315396321284
1258197687201083392
1258116948715425793
1258179272273014791
1257941501650309124
1258114390286573571
1258054012412231686
1257916504336502789
1258195671561142276
1258239158775984129
1257979960184233984
1258198726989869056
1258116867991928832
1258002894759948288
1258219267952123904
1257901840789889025
1257933705810595840
1258230913005236230
1258020999133564929
1258181248058404870
1258082420273840129
1258116587493691399
1258140538534072321
1258168206188920832
1258179990031601664
1258044279433412608
1258083176045588480
1258187480836210689
1258118231166013443
1257969325677436928
1258197450818453504
1257915120031805440
1258108354792239105
1258105447028006913
1258161681445711875
1257957425199616000
1258198705632686092
1258170452209356800
1257961850140008449
1258176766905946113
1258045570398195712
1257956324840583168
1258134989050265600
1258124896422580232
1258044566927794181
1258039350107013120
1257960546579681285
1257956780987920384
1258219331525259265
1258029775802810369
1258036758903734272
1257935109694451712
1258035553490132992
1257972226470694913
1257995329829572609
1258091371174391808
1258151737191395329
1258062750401671168
1257914057782431745
1258140847700238337
1258123990842957824
1258171311949570052
1257959136991621120
1258143573444366339
1258002888376410113
1258091951636664320
1257959828015775749
1258090097238401024
1257941476815917059
1257957683707162625
1258106694548275200
1257961594975330305
1257980085170106370
1258167662418395136
1258230989622476802
1257947219229061120
1257916423684399104
1258124200453328898
1258000265334136832
1258125351420440576
1258143561675046912
1258217569451835398
1258073126111342592
1258117073944920064
1257991564850233344
1258090201584250880
1258052737427812352
1257959222299500545
1257927744601624577
1258000100955164672
1258186915855175680
1258209615059324956
1258238412605145089
1257916232721813505
1257931655920132096
1258045575515131904
1257968251277062144
1258002813189271559
1258206767936180224
1258029640603635712
1258055859323777024
1258010934167158786
1257946881159766021
1257985826346000384
1258160044878622720
1258027555816378369
1257982453479731200
1258229404066430978
1257941181008232449
1257931763428581377
1257917623964241921
1257943728221814784
1257904941617696771
1258009925915205632
1258116612906979328
1258064925819392000
1257982579623550976
1258189037753360384
1258168098504376323
1257916495981674496
1258080529712328706
1257929128457785344
1258230092100222978
1258197370979917824
1257948222951063552
1258197459609755650
1257912740229705728
1257898441725939713
1257973379061121025
1258097432379916289
1258230322702974976
1258107520020893697
1257946047961354240
1258073692514316289
1258195989753724933
1257943238343823362
1257985713632673793
1258003392774828032
1258217368209276928
1258231036099559430
1258179328258564096
1258018090585149440
1258115704445759488
1258177447213715456
1258186482314969088
1258106785078140929
1257921828821098499
1258039667628429313
1258180462197039105
1258105868404633606
1258074374109831168
1258009445617016832
1258089748117118976
1257959159187877889
1258143493530189832
1257982717729419264
1257980248974602240
1258227911666143232
1257916680065466373
1258081359026774016
1258053490083069955
1257993354551451649
1258133503037845504
1258158840098537474
1258149703339905025
1258039294423437312
1257957401355063296
1258009495223054337
1258238418649260033
1257916946655244299
1258140846911885312
1257920048057835520
1257947664248905736
1257928783467872258
1257942008825430016
1257935156398211073
1258215487336583177
1257981578371883015
1258241194330517504
1258045233524166657
1257918805201678336
1258044929516859393
1258097050618662912
1258132529607061504
1258002010370125825
1257943244522094592
1258045989090406401
1258108184369094661
1258114285680472065
1258216518833197056
1258047244462223362
1257929232250032128
1258053889569554438
1258240354182000640
1258230336502280192
1258108633260441603
1258088474365886466
1257915529114738688
1257943363229233153
1258029149677027329
1258151109115420674
1257984754915344384
1257896893184540672
1258239416998359040
1257931595731869696
1258197487514464258
1258116633287106566
1257958266119884802
1257900593693077504
1258003197001678851
1258100775911329792
1258237601892319232
1257930553300602888
1257899401936121856
1258238868454809605
1258009390155628544
1258132426582364162
1257932376501620736
1258081866986467330
1258140657035743233
1257953965708152832
1258082802001743873
1258020870171308032
1257901316925526020
1258170214040195082
1257957839248777216
1258219009469628416
1258021571521847302
1257993493882056711
1258097105413066760
1258013182301437953
1258062599356395521
1258241412082040833
1258038784412790784
1257921651896922112
1257932665946284033
1258099388255211520
1258039835203428353
1258131815375699969
1258018372102561793
1258142201885921281
1257917146740543489
1258107670415863808
1258236809059819524
1258036930287001600
1258142470979891200
1258046198159638528
1258108723651915776
1257993946485137409
1257944012276760576
1257968190967222277
1257932915696111619
1257915859336679424
1258047956000870405
1257956021798141952
1258180513149456385
1258218956462206980
1258097681160974340
1258190500244459520
1257933775620751366
1257962217523359747
1258208459977154560
1258082245006548992
1258134324853039104
1258123445025550339
1257930095337095169
1257900462633861124
1258003701605838850
1258124447338332165
1257948687667429377
1257932870015909888
1258079749341016064
1258218727499325440
1258215778853310464
1258106525995765760
1258056409427726337
1257913101728522240
1258063517086859265
1258043993268649985
1257896990224068608
1258207610630819840
1257899405023367169
1258013604273631239
1258205841104293888
1258002298120409088
1258125517351419904
1258021472955699201
1257934303310295040
1258118424540184579
1257915578716749825
1258196372479774729
1258045170605490176
1258079077950533634
1258158635194241026
1258073218629242881
1257992333771096065
1258161425127784449
1258199017344860162
1258196501098045440
1258074620504297473
1258036153099472904
1257971975642898432
1258115014139002880
1258125100081012738
1257932039682240512
1258171468237737995
1258220548343189505
1258036035935703041
1258018801486114816
1258190728217460741
1258196510438760448
1258020862369955842
1257944348626505728
1258135655374176257
1257921043848544256
1258054043085287424
1258126825898889216
1258160397649092614
1258073402939633671
1258198467589087233
1258158487382773761
1258176319738785799
1258237642019348482
1257921825243348992
1257915654902071296
1257948445979131905
1257913009109778432
1258044231026987015
1258180487484489730
1257985327786008576
1258079704105582592
1258053284633305089
1258089175590612995
1258158886634299397
1257896265968320514
1258210070208212992
1258108950647640065
1258055289418313728
1258002839449845760
1257914328973373441
1258108840148643842
1257957105702776832
1258028956034502656
1258124927309250560
1258073753239588865
1258177133534273536
1258141006899195907
1258199607449919489
1258063525144137730
1258099781634650113
1258189338090835974
1258097541675008000
1258079518973026305
1258241414778900481
1258176731896115205
1258215695537573888
1258046530742820864
1258002648378335297
1257954491036549120
1258134086150832128
1257917784203431936
1258088472830791680
1258140392500998151
1257921456702398467
1257928509537898496
1257980627397345283
1257931053865545728
1258134595138211840
1258196594802987008
1258028365673566208
1258044386186678274
1257959730498146305
1258029480658026496
1257918727737110528
1258190606221877252
1258087879018008576
1257934336936022017
1257983418790379520
1258187183669874688
1258030172055502848
1258197882131419144
1258062775395528711
1258180435902857217
1258134877062533121
1258099110135181312
1257961006007009280
1257940975416115206
1257941059914498049
1258161770054782979
1258188352827908096
1257928893672984576
1257931512030171138
1258021708717592577
1258177199615565824
1258027098771316742
1258098998965084161
1258161756876058624
1257981632704925696
1257927406725353475
1258208401848504323
1258196952367464450
1257954225184636929
1258143445811675137
1257983247130165253
1258159052871200769
1258065636661624833
1258116957141962752
1257953877023956992
1258003657016045569
1258180592073609216
1258205958511173634
1258237757329195008
1258027069063266304
1258070484299714565
1258241835740229633
1257954150375178240
1258210734166728708
1258187259171368960
1258135353426354177
1258091191175798784
1257927632127049734
1258089437214371845
1258160176026263564
1258116868272881664
1258107348700233731
1258028859053801475
1258153304288309253
1258153635852111872
1258134909799055361
1258010437892931584
1257919604493479936
1257901251150348290
1258124273853566976
1257970225279938561
1258209055052632070
1257917862133579777
1258239219312373766
1258206271750225920
1258003436072660992
1258218977966223361
1258099094381367300
1258000203925331969
1258061714026684416
1258171262150610945
1257913613014011905
1258162338554736640
1257983040804052994
1258125626340499456
1258082115285065731
1258010396184711169
1258227892313620481
1258180598113488896
1258189483016687617
1258134744979603464
1258159748479934464
1257958871362088960
1257912611825504256
1258190163701891074
1258187833396822016
1258229549441007618
1258206555180318720
1258237225726246912
1257915647410855936
1258241821404266498
1257930027905228800
1257993250805334016
1258053230077947904
1258117703145005062
1258161262929874944
1257921662357573633
1257943481168715776
1258151329060524032
1258190035351937027
1258065422005436417
1257912322405916672
1258171754947608576
1258047024521515008
1258099959368257538
1258158615921332224
1258000135478562816
1257985775976747009
1257981966248554496
1258236578838663168
1258108261359910916
1258135038757089280
1258044073514065925
1258238162561839104
1258039912215052291
1258215991072321537
1257959584339288064
1257896255805468672
1258219382573944832
1258053489382567938
1258239051716591617
1258088529445322757
1258141087224541185
1257914887663087618
1257897137498722305
1257993266588459009
1258089169244520453
1258096966539587584
1257974496033562625
1257929829711613954
1258107809268449280
1257945972195328000
1258091809000968192
1258169732995350529
1257931776804237313
1258170591212945408
1258241911619493894
1258047306223550464
1257933785988882432
1258161927609597952
1257984467076956161
1258116547266174978
1257901435523600385
1257957818650558468
1258028403749511168
1258125018170613762
1258236126424252416
1257969185755475968
1258109339992236033
1257928216028774400
1258012186028507138
1258206726765117440
1257993323568001025
1257917671296978945
1257929773906567170
1258107491302293504
1258131923676721153
1258062244186927104
1257995458770845697
1257970525453848576
1257944463437152257
1257970257207197702
1257957550420525057
1257993381713776640
1257946932988780544
1258177259233558529
1258168173674676225
1258001433405816832
1257956244947697664
1258151041389850624
1258125914870878208
1257982754517630977
1258071271394488322
1257955513217830912
1258021756163497984
1258239598645346305
1258011219656572928
1258063068766048256
1258127090102292482
1258198652268408833
1257903517160943618
1257940567624843264
1257942161418567680
1258009923079811072
1258116713603710978
1257961599781883905
1257914315706740736
1258020496614006784
1258197053403996160
1258179481656844291
1257905932849348610
1258215469556867078
1257904994373840897
1258090107145539596
1258217999573692416
1257994235615367168
1258000255863238657
1258179537902333952
1257972338487889920
1258198375880679436
1258176915032223746
1257921907300552704
1258229464250462208
1258195828700663808
1258144466738659328
1258150637247901697
1258231098104066049
1258036517693534208
1258140873008787457
1258027894435020800
1258180316197457922
1258000704381337601
1257983570884386816
1258063990892134400
1258200229784039424
1258054607143665666
1257920854689607687
1257934822460268544
1257945143824527360
1257970626138198016
1258215529766150145
1258195825085296640
1258019420863111169
1258152528732131329
1258046263083368448
1258109075973443586
1258205833437085705
1258072970846748675
1257954587027353601
1258132924379078657
1258228189371019265
1257973351756300290
1258210243798056962
1258021285264834561
1258218011774730240
1258020080669134849
1258089425810206720
1258039550963744770
1258133519399825409
1258038309319630849
1258151983858532357
1257957067161305088
1258098222091735049
1258160441848590336
1258046295450644480
1258106471809576960
1257904233816510464
1258061608372314114
1258207484172398592
1258038086610694145
1258010289087361030
1257968856380792833
1258107402664194048
1257934343114305537
1258091778437189632
1258149786047311872
1258070269526245378
1258186327016824833
1258181128428630017
1258028511073382401
1258218628664758275
1257929677236080644
1258125619998658561
1257904273678991361
1258143907231105025
1258240769149657088
1258226566674481153
1258097981963804677
1258220570711396355
1258236188336353281
1258197394094604289
1257915969734934529
1257898911429038081
1257934739249512448
1257954133916577792
1257901707482271744
1258053866546966528
1258160849379704832
1257898778650124288
1257980786546008065
1258170194519830534
1258209995063263233
1258088305796808704
1258169059339915270
1258052661947006985
1258012272275980289
1258169240105955331
1258161678752997377
1257973475278573568
1257900377980178434
1258071197599830022
1258226664124760065
1258124993344536581
1258080893714837504
1258002254059233280
1258053515005636610
1258190176720793606
1258198998453755909
1258082283057283072
1257943705551433730
1258003212105179136
1258021507101593600
1258028947398430720
1258021955032276992
1257943936880054277
1258150784165871616
1258098535905538048
1257930181291003904
1258073507130294274
1258177784234508288
1258020301549559809
1258226260783792130
1258116554048319488
1257934359891456000
1257955175534338048
1257913133063999489
1258215950962298882
1258116861411168256
1258226409274654720
1257972031754297344
1258229202026934273
1258217510999977984
1258072943222861824
1258002423555272704
1257918920733806592
1258170818066108417
1257930919345893376
1258003291004383233
1258009832453480449
1258081880202792960
1257971331984814082
1258045104331395072
1258115320234995712
1258238580327137282
1258217083323678721
1258144558338183172
1257958935530811393
1258036863958302729
1258080759560232962
1257960871600553991
1257896255180677120
1257959008771674112
1258115271577001989
1257941150972801025
1257945984686067712
1257956729653989376
1257970386676748288
1258045696181223425
1257971062551314432
1258168303438176258
1258179685034233856
1258018730233167872
1257919027567001601
1258114391796523009
1258186583137759236
1258220293706919936
1258185833665966081
1257961182981492738
1258225426310234112
1258219342656913408
1258061664118808577
1258124783171989504
1257946948432166914
1257929439410782209
1258028318596706307
1258011475085389824
1257906543887937536
1257941841019908096
1257954285268148224
1257946952467185664
1258125702467125248
1258029614187806721
1258144537731575810
1258189302107963392
1258158465173852170
1258187047828938752
1257933354751725568
1258134716479426563
1258080902300741633
1257980134969225216
1257916925407121409
1258105841301012482
1258126194937139201
1257901985820487680
1258206576944406534
1258170646527381504
1258176829418070017
1258199092557119495
1258197611309383682
1258207749080592385
1257903793473282055
1258115497687756800
1258018467350896641
1257990995079299072
1257912434888712192
1258144724013244419
1257906364212490241
1258045490635116545
1257990793337409536
1257933298787127296
1258045753613848577
1258162167787876352
1258009668242288640
1258133859406958593
1257929181398261760
1257985056989220864
1257901549902114817
1258105800863645702
1258162538883104768
1258197956081012737
1258114339489406976
1257984196800385024
1257902375894990848
1257921622436175872
1258074478417981441
1257927812197101568
1258143578687078401
1258189279634894848
1257927644227817472
1257906853176057856
1257984952244801536
1258046891725471745
1257897733316390912
1258218065306824704
1257973255081734144
1258180894885584898
1258010566016237569
1258168979572625410
1257928213348724736
1258179163867021312
1258150564589789184
1258071419583434752
1258229884477898752
1258105746861916160
1257916365828059137
1257969212414287872
1257991955331481601
1258079175044456453
1257985751884746755
1258217069566398466
1257895766984552448
1258013367576363008
1257930997796089856
1258143843444305926
1257994768057085953
1257960566057955330
1257954341282955264
1257913098406694915
1258142901944619008
1258159295226503168
1257961553783111680
1258065190903599105
1258169610567909377
1258133813177303040
1257947963625811969
1258055280329449473
1257913356943536129
1258099315274395648
1258081531349938176
1257900703420317699
1257913111941730304
1258010469396340736
1258054333947678720
1258169968677576704
1257982392557432832
1258088784643739649
1258070508920332291
1257917917682900992
1257980024742871042
1257959130637139968
1258151528399024129
1258228134899527681
1258044140920565760
1258012509602148354
1258142721946062849
1258153535285362688
1258046716403728392
1257971600575561728
1257970862264909825
1258177419732758528
1257933135163068416
1258208846536781824
1258189341576265729
1257961138073014272
1258045342861451264
1257905856273735680
1257901716248412161
1258002015633805312
1257901545795944448
1258072848746328065
1258090571241066496
1258071922727936001
1258080945850195969
1258199286841372672
1258219676468867074
1258009466269831168
1258237687288365056
1257946885794533376
1257961703515590657
1257933336238063616
1257970627694206977
1258150054289907724
1258027598308765697
1257903616012300288
1258002959742484480
1258179767502807040
1258047714182512640
1257897213063241728
1258240171385864192
1258188947567542272
1257992134227111936
1258116257561423873
1258228243041259520
1258107189757165570
1258054528093556738
1258207109679927296
1258091259110907905
1258020722338869253
1257969421559062528
1258132494295027712
1257954015024906241
1258159029836296194
1258200200495222784
1258027661361844226
1258001650901450754
1257930580685017088
1257919707686068224
1258020262915698689
1258133987618422784
1257954751213232128
1258179001765543936
1258161535026749440
1258187266570272769
1258196957778128897
1257971417527857153
1258070917290307584
1257984709310676993
1258030814303936513
1258090349429481475
1258021575850364928
1257955315053735936
1257956710670495750
1257914713654124549
1257899347875901445
1258115220553302017
1258141446714150913
1258135337026621443
1258237912849637376
1258002615188598785
1258021108315455488
1258028299495841792
1258019225874071558
1258036698388107268
1258000272049221633
1257995211546001409
1258220239256346626
1257991883017592832
1258196476267765760
1258082399784755201
1258107290890014720
1258080130477547520
1258027522379350016
1258141606986878977
1258169098384670722
1257932082246029313
1258168565296963587
1257985154989129728
1258133149046931457
1257981680872239105
1257931203367206914
1258065283845160960
1258099686600331264
1257914182130778112
1258206403371708419
1258226045502787585
1258237326628544514
1257943551549169664
1258065554960769024
1258170326422183936
1258046781629202433
1258090064623607811
1258152236984795138
1258141862646480898
1258196116677550080
1258209093610876931
1258018639883784193
1258096913464819712
1257933584201121792
1258126739471060997
1258046035101917184
1258036453222694913
1258106747325120515
1258115351218356227
1258010509967872000
1257954642597679104
1257899264992256000
1258116048701796352
1257929438538407936
1257973454055374849
1257903947068522497
1258125198118793217
1258134971719528455
1258189408458571778
1257895596712591360
1258161375743840257
1258089466645721088
1258088053261963265
1258109814443556864
1258106798931918848
1258141460823789568
1258152617177317382
1258151711895621632
1258124746211971075
1258107734936993799
1258226760111607809
1258117348315332610
1258083483815235584
1258153700666867723
1257991226437120000
1257991153657528321
1258064113030201344
1258241819504046081
1258036934867210242
1257897422228987909
1257921772965388290
1258206159070167042
1258002032608153601
1257995286489763848
1258206228892848131
1257973210139758592
1258142785762459653
1258141325414871042
1258180796038418432
1258187269674020865
1258169908485074944
1257904942519549952
1258099086693003265
1258114814519332864
1258186085265358849
1257974078687703042
1258055622731292676
1258190689289900032
1257898969818189824
1257958915284836352
1258159840528039938
1258199913373945858
1258189752500719618
1258190032231378945
1257918639698837505
1258140789869146113
1257940887524573185
1258167751954190337
1257947731546365954
1258209202142687232
1258107303154397189
1258186565395681280
1258238896384749576
1257969555365863425
1258167251099844615
1258004089574535168
1257915497447817217
1258039530587852802
1258027336542367744
1258241233631301633
1258159749335572481
1258196086436454401
1257901642286014464
1258206427639943168
1257931449421840384
1258176184564793344
1258190517264760832
1257918656606081024
1258114071326490626
1258239144897085440
1258071649380900865
1258240571480715264
1258227151251353600
1257916339764805632
1258235976289325057
1257941546776715266
1257921307129212929
1257947977420648448
1258178113789403136
1257928480550989824
1258200670013984768
1258237620267577345
1258021789663399939
1257920246670737410
1258217954220691456
1258132913591377921
1258092262711595014
1258002961537675265
1258089324630835201
1258092251923742720
1258072499113377792
1257981752255143937
1257916666324779008
1258070488863125504
1257913315218665472
1257992454621536258
1258169488685531138
1258072057767583746
1258141070837387266
1258228089064022016
1258151190014996480
1257914389992280067
1258241333048664064
1258097256575582213
1257919062379827200
1258081212918366209
1257916955459190785
1257956951268274176
1257896662284075009
1257897217924489216
1258227573022060544
1258083080050561030
1258238540707557376
1258030024910913538
1258205900923457536
1258073207229288448
1258206297721384960
1257969773977223173
1257984270875885568
1257942318939729920
1258187528365989888
1258029611943964672
1257957991183237120
1258238654255898624
1257947251739185152
1258142747481051137
1257968594828136448
1257958273698783233
1257945410318094336
1257974886963785728
1258239251218493441
1258083205602660352
1258125803822465024
1257899094808375297
1257944908670939137
1258087895769874433
1257980471264153600
1258105695498571777
1258219954001842180
1258189157157031936
1258063023555727363
1258133239195189249
1257992318289874945
1258162079636340738
1257896089551867904
1258219751828045824
1258149915349233664
1258188578858958849
1258127132254826497
1258029954379513867
1258134570685194241
1258127293966422024
1258132084343877633
1257897184202240003
1258021854708731904
1258151958373822466
1258225755051433994
1257900797251260418
1258118326296834053
1258009538722217985
1257970363855749120
1257932690323472387
1258207383307857923
1258064411513614337
1258106772545470466
1258179537541533696
1257991679619076096
1258062739953668097
1257959633064517632
1258177632601964544
1258037148860768256
1258028445814198278
1258144418747551749
1257943475364007936
1258090563477389313
1258135969691246592
1257941706923638784
1258170145136160768
1257928749070221312
1257983033086562304
1257957485496856576
1257941643224854528
1258208861502177282
1257900121104269312
1258055065224577026
1258160430549270531
1258027711517376516
1257955712229085184
1258115123912347648
1257974688468414467
1258153182171185152
1257916148873605120
1257961566491811840
1257991366707216384
1258230072353398789
1258073014463234048
1257940524671082496
1257932840718733312
1257899474858291202
1258131716377460737
1257973689913573376
1258096687068971010
1257915796828721152
1258219185227907075
1258219706659401731
1257920917599956993
1258210723265536000
1258180627041357825
1257970018836340737
1257897990381060097
1258122859144241156
1258081348193062912
1258190417675333632
1257974185642639367
1257944977826553857
1258220618928975872
1258132959095222272
1257902636730322944
1258187636184715264
1258209670331686913
1257955659175219201
1257900187231694849
1257917365783846919
1258240450248368128
1258003925648781312
1258063904321736704
1258026935583571968
1258177380331466753
1258079749311811584
1258044870071115776
1258109772827488256
1258091892320993282
1258209486881402882
1257903440967004160
1257917726061924352
1258039533490171906
1257967767518679042
1258160058623557635
1258072795583598593
1258001526372564992
1257901940853227522
1257993352617828353
1257994719927271427
1258208048285351938
1258237572742078464
1258072540712513537
1258079047961071617
1257940714714853376
1258038183817809920
1258082673840590850
1258134345249968128
1258220661010399232
1258074658404028417
1258186292199915520
1258219517659852803
1258018629532213251
1258100688162369538
1258106743541858305
1258241117214044160
1258228339967311872
1258200876491169794
1258090323915550720
1258037480403722242
1258099644153782272
1258186657733455878
1257913485809385474
1257940745618628609
1258097240708730880
1258142752631451649
1258123197473570819
1257914662970064897
1258054214833647616
1258152689990619142
1258115127817076736
1258135374758645760
1258159392798781448
1258186984649969665
1258135198882906113
1258100856362319874
1258238061672046592
1258161615234650117
1258161038509424645
1258030835720216576
1258047385940492289
1258142416281964553
1258098493480218624
1257958498094198784
1257959947666624514
1258188574404509697
1257946287883730945
1258004681113997318
1258170455032238088
1258061919791054849
1257913038415343616
1257971558339031040
1257983794348466176
1258046048309739523
1257968944629141504
1258162404891885569
1258124810179227650
1257932383678091265
1258106126366900224
1257916895338135552
1258151495507329027
1257984573260075009
1258210584270684161
1258047791605022720
1258038476890570757
1258199524226535424
1258011767608926214
1258080474985046016
1258072774238777346
1258132516017442817
1257995556678299648
1258126284435132416
1258003777132482563
1258141757696434176
1258047907648942083
1258225933267460096
1258188083893121024
1257921242121728000
1258021696918994947
1258237812622667776
1258238030525104130
1258237528550727680
1257945165853057030
1258036661688004614
1258047485945274374
1258047832755523585
